Clusters 0, 1, 2..:
[
[2256, 2904, 5080, 5381, 5392, 7007, 7073, 7301, 7494, 9138, 9150, 10571, 10959],
[9909, 9910, 9911, 11028],
[4045, 7113, 7671, 8028, 9277, 10281, 10474],
[3488, 11091, 11093, 11094, 11095, 11096, 11097, 11098, 11099],
[2952, 7738, 8312, 9974, 10609],
[1800, 2830, 3495, 6896, 6897, 6898],
[683, 684, 1536, 4213, 4450, 6340, 11148],
[5600, 6806, 7348, 7836, 8273],
[46, 241, 541, 549, 550, 742, 754, 1541, 1543, 2041, 2203, 2533, 4443, 4444, 4446, 4451, 4452, 4453, 4454, 4455, 4456, 4457, 4458, 5249, 5250, 6545, 11144, 11146, 11158],
[755, 1342, 2363, 2457, 3473, 5145, 5149, 5916, 7185, 9540, 9859, 11160],
[1274, 7619, 8919, 10376, 10850, 10862],
[431, 655, 687, 688, 812, 832, 934, 935, 1322, 1365, 1570, 1894, 2362, 3365, 3583, 4478, 4484, 4706, 5690, 6376, 6915, 7370, 7371, 7372, 8539, 8843, 9023, 9024, 9109, 9298, 9299, 11122],
[1677, 1911, 4122, 4476, 4479, 5148, 5150, 5523, 5993, 6377, 6984, 6985, 9025, 9032, 9746, 9858],
[5478, 7308, 8625, 8626],
[2204, 4460, 6544, 6987, 9730, 11157],
[543, 547, 548, 2524, 2894, 4448, 11147],
[743, 1539, 1540, 1544],
[856, 1856, 1858, 1859, 1860, 2928, 5105, 5106, 5465, 7514, 9654, 9655, 9656, 11024, 11025, 11027],
[4315, 5053, 5076, 8587, 8595, 8613, 9135, 10964, 10966, 10980],
[372, 434, 1341, 1632, 1756, 3090, 4833, 5011, 5713, 5722, 7183, 7403, 9647, 9725, 9817],
[2084, 4110, 5294, 6200, 6249, 6933, 8038, 8178, 8640, 9766, 10613],
[126, 1796, 3999, 4000, 4001, 5509, 7462, 7578, 10515],
[217, 1745, 5633, 6573, 6578, 8170, 8892],
[2787, 5306, 5965, 6940, 6970, 7874, 8641, 9313, 10272],
[107, 6171, 6172, 11032],
[1172, 1910, 2103, 3505, 3735, 4092, 5415, 6208, 6355, 9894, 9906, 10579, 11046],
[1318, 1929, 4621, 5517, 5578, 6329, 7683, 8802, 8816, 10217, 10818],
[3996, 5099, 5808, 10218],
[312, 1282, 4616, 4617, 4618, 10216, 11106],
[450, 2279, 2691, 3016, 4698, 5557, 6393, 7021, 7261, 7262, 7499, 7927, 9226, 9615],
[161, 612, 1534, 5193, 5194, 5195, 7506, 7625, 7626, 7627, 7628],
[842, 5282, 7645, 9948],
[733, 2043, 5332, 6493, 7624, 7787, 9460],
[278, 2661, 3437, 3736, 3825, 3829, 5431, 6352, 6929, 7125, 7789, 7883, 8627, 9291, 10615],
[846, 2186, 3827, 3938, 4891, 5441, 5477, 5667, 6349, 6350],
[1975, 3483, 4104, 4159, 4168, 4820, 5934, 6128, 7396, 8895],
[2277, 2915, 4436, 6387, 6579],
[273, 1168, 3904, 7414],
[1868, 3486, 4693, 4848, 5907, 6000, 6338, 10832, 11113],
[1010, 1871, 2163, 2600, 3190, 3769, 3836, 3837, 3853, 3886, 4642, 4976, 5129, 5161, 6062, 6217, 6223, 7549, 8062, 8212, 9200, 9255, 9267, 9548, 9567, 9574, 10755, 10792],
[446, 838, 1131, 1306, 1369, 2507, 2509, 2597, 2690, 2793, 3237, 3557, 3560, 3620, 4108, 6174, 6363, 7840, 7873, 8428, 8987, 9009, 9708, 10597, 10611],
[2009, 2263, 2887, 3356, 3659, 4214, 4325, 5598, 5599, 5704, 5991, 7112, 7431, 7703, 8165, 8883, 9156, 9422, 10730],
[1526, 2201, 2892, 4481, 6339],
[195, 642, 3402, 3721, 4431, 9155, 10278],
[1971, 7586, 7817, 8537, 9745],
[627, 3388, 7871, 8416],
[679, 843, 1166, 4326, 4327, 5699, 6966, 7329, 7587, 7815, 9037, 9642],
[643, 2494, 3398, 4083],
[690, 1654, 2488, 3131, 3817, 3822, 3897, 6413, 6414, 7378, 8185, 8205, 8330, 8340, 8864, 9317],
[837, 4470, 6190, 10466],
[525, 1397, 3902, 9308, 10718],
[1371, 1691, 3113, 5870, 6386, 6911, 8183, 8564, 10598],
[196, 530, 531, 532, 533, 611, 631, 847, 848, 858, 862, 1139, 1201, 1390, 1401, 1521, 2012, 2198, 2659, 2927, 2945, 2946, 3511, 3658, 3732, 4115, 4277, 4278, 4788, 4952, 4964, 5283, 5479, 5707, 6065, 6126, 6164, 6253, 6634, 6930, 7065, 7066, 7071, 7115, 7173, 7452, 7634, 7763, 8322, 9045, 9046, 9047, 9067, 9074, 9288, 9294, 9467, 9697, 9712, 9785, 9786, 9866, 9878, 10279, 10280, 10729, 10731, 10901, 11018, 11023],
[1399, 2943, 4323, 9879],
[438, 439, 859, 1972, 4212, 9728, 9729],
[360, 1658, 4928, 5913, 6158, 6324, 7954, 10713],
[1215, 2720, 2962, 3077, 3084, 5025, 5911, 5943, 5944, 6311, 6819, 7059, 7879, 7914, 8121, 9943, 9944, 10341, 10494, 10529, 10551, 10558],
[2859, 2929, 4215, 5703, 6067, 6633],
[1639, 2891, 3730, 4211, 5669, 6066, 10090],
[614, 5197, 7305, 7637, 9880],
[250, 526, 1194, 1398, 1848, 3510, 4322, 7072, 9035, 9295, 9641, 10083, 10097, 10986],
[412, 413, 414, 1167, 2273, 3567, 5634, 6173, 6575],
[186, 187, 189, 645, 646, 647, 648, 649, 650, 651, 652, 2495, 2496, 2497, 3399, 3400, 7332, 7333, 7334, 7848, 9719, 9720, 9721, 9722],
[3579, 5803, 7365, 7864, 8581],
[672, 1499, 1696, 1963, 2119, 2443, 2699, 2700, 3152, 3155, 3744, 4398, 4525, 4526, 4529, 4548, 4584, 4933, 5264, 5876, 6063, 6438, 7044, 7092, 7236, 8194, 8210, 8228, 8278, 8506, 8661, 8664, 8670, 8965, 9178, 9320, 9354, 9523, 9768, 9876, 10034, 10055, 10056, 10057, 10623, 10654, 10668, 10758, 10760, 10784, 10868, 10917, 10967, 11050, 11174],
[716, 4076, 4077, 5102, 5738, 6682, 7948, 7949],
[1771, 1772, 1773, 4027, 7486, 7487, 7488, 7489, 7490, 7491, 7492],
[5094, 5095, 5339, 5340, 5539, 5542, 6683],
[177, 178, 183, 184, 185, 1634, 1635, 1855, 6988, 6989, 7513, 9033, 9652, 9653],
[175, 176, 179, 2423, 2430, 4459, 4461, 6990],
[3022, 3107, 3230, 6661, 11006],
[1174, 3121, 7302, 8458],
[373, 2380, 7279, 7767, 9458, 10307, 10860],
[1689, 2706, 5295, 5635, 8891],
[980, 1343, 5072, 7621, 9142],
[2094, 3606, 5561, 6724, 8189],
[14, 90, 93, 94, 310, 386, 387, 398, 454, 563, 623, 708, 1608, 1615, 1616, 1617, 1902, 1903, 1905, 2096, 2291, 2477, 3922, 3923, 3924, 3926, 3927, 3932, 3933, 4624, 6653, 6765, 7593, 9917],
[1158, 1375, 4665, 6180, 8646, 9325, 10261, 10835, 10836],
[3280, 3894, 5687, 6258, 6557, 7179, 8015, 8016, 8207, 10425],
[1006, 1989, 2112, 5349, 7526],
[1163, 2083, 2101, 2464, 3370, 11059],
[239, 2526, 2529, 4442],
[53, 1485, 1573, 2982, 6312, 8443, 8808, 8957, 9103],
[513, 2920, 2922, 2936, 4155, 4780, 4782, 7850, 7851, 7926, 8429, 11034],
[57, 60, 535, 551, 746, 836, 844, 913, 1044, 1148, 1169, 1173, 1256, 1257, 1258, 1259, 1404, 1520, 1545, 1547, 1549, 1551, 2202, 2206, 2383, 2409, 2439, 2440, 2500, 2641, 2941, 3324, 3431, 3432, 3433, 3476, 3479, 3482, 3512, 3622, 4007, 4085, 4086, 4099, 4101, 4127, 4447, 4691, 4787, 4857, 4931, 5203, 5210, 5472, 5601, 5818, 5831, 5834, 5838, 5994, 6548, 6549, 6550, 6583, 6642, 6690, 6792, 6793, 7014, 7119, 7834, 7835, 7982, 8004, 8431, 8784, 8874, 8953, 9006, 9301, 9698, 9711, 10238, 10246, 10254, 10256, 10259, 10282, 10406, 11139],
[2510, 7868, 8893, 9764, 9774, 10078, 11033],
[2382, 2974, 6670, 6995, 9158, 9941],
[219, 3913, 7925, 9744, 10273],
[303, 2072, 3282, 4911, 6655, 7875, 8414, 8839, 9231],
[215, 444, 1507, 1510, 4664, 5232],
[451, 1171, 1509, 2940, 3916, 3917, 5631],
[15, 16, 17, 18, 19, 214, 216, 411, 1328, 1508, 2087, 2088, 2270, 2272, 3559, 3563, 3564, 4589, 4663, 6141],
[5253, 5272, 7964, 8115, 10228],
[948, 1248, 2066, 2217, 2222, 3300, 4738, 5443],
[3632, 4183, 4798, 7800, 8118, 9849],
[139, 471, 1294, 1446, 2223, 2226, 2227, 2365, 2450, 2602, 2603, 2976, 3312, 3382, 3792, 4765, 5036, 5268, 5526, 5589, 5910, 5912, 5952, 6310, 6823, 6996, 7959, 8269, 8465, 8810, 9542, 10234, 10457],
[5023, 5951, 7907, 8719, 9994],
[24, 220, 1506, 2269, 6371, 7607],
[905, 1297, 1841, 3293, 3707, 4135, 6113, 10230],
[1097, 1422, 1455, 3545, 9593, 10456],
[22, 23, 25, 27, 238, 884, 885, 1129, 1504, 1524, 1525, 1743, 1814, 2266, 2267, 2268, 3390, 3392, 3401, 3403, 4046, 4047, 4048, 4268, 4439, 5117, 6124, 6372, 7121, 7122, 7849, 8973, 8974, 9703, 9709, 9727, 9738, 10593],
[443, 2917, 3406, 5234, 5610, 6358, 7324],
[568, 4661, 6391, 6556, 6559],
[2104, 2785, 6654, 8192, 8580, 9921],
[33, 236, 3418, 3427, 3428, 5413],
[26, 44, 1367, 1531, 2580, 2582, 5356],
[510, 1878, 6854, 6907, 8890, 11110],
[1535, 1537, 1538, 2525, 2528, 2530, 2531],
[1164, 1307, 1874, 2489, 4109, 4944, 5978, 6194, 6199, 6852, 8622, 9888, 10421],
[156, 553, 3484, 5209, 8040, 8894, 11016],
[1816, 4107, 7852, 8623],
[785, 4303, 5214, 5787],
[442, 3389, 4196, 5290, 9398],
[1128, 3394, 3417, 4334, 5411, 7323, 7694],
[841, 866, 1889, 3424, 3621, 3819, 3899, 3900, 6443, 8886, 9018, 10614],
[1623, 2281, 2293, 2852, 3818, 3821, 4425, 4426, 4427, 6364, 6853, 7130, 8065, 8995, 9763, 10393],
[283, 1817, 2792, 3616, 3911, 4777, 4946, 5871, 6394, 6802, 8173, 8404, 9227, 9887, 10274, 10467, 10523, 10585],
[663, 1513, 1519, 1569, 2275, 2276, 2280, 2499, 3410, 4433, 4435, 4703, 4704, 4781, 4783, 5657, 5668, 5997, 6388, 7368],
[35, 36, 222, 223, 224, 225, 1327, 1517, 1908, 3407, 9405],
[709, 1622, 1901, 2097, 2098, 2099, 2502, 2559, 2686, 2780, 2781, 2911, 2914, 3023, 3025, 3111, 3112, 3228, 3599, 3934, 4662, 5206, 5299, 5301, 5305, 5777, 5791, 5962, 5964, 6170, 6197, 6390, 6660, 7360, 7592, 7860],
[263, 1447, 5680, 6791, 10370],
[30, 31, 34, 41, 227, 229, 230, 2512, 2581],
[37, 39, 42, 43, 228, 231, 232, 233, 235, 240, 2513, 2516, 2517, 2518, 2519, 2520, 2521, 2522, 2523, 3420, 5245, 5246, 5247, 5248, 5625, 5626, 6135, 6136, 9731, 9732, 9734],
[1895, 2918, 2930, 4480, 6369, 10594],
[313, 314, 578, 1283, 1284, 2302, 4615, 8841, 9123, 9638],
[1909, 2506, 2511, 2916, 3411, 3412, 3422, 6574, 7369],
[32, 661, 1514, 3416, 3425, 7853],
[502, 2493, 9038, 9280, 9873],
[508, 7814, 8884, 9279],
[4335, 6205, 6254, 6255, 6367, 7839, 7923],
[282, 776, 1875, 2853, 4561, 5868, 5931, 8419, 9326],
[640, 641, 658, 883, 2492, 4273, 4340, 4785, 5118, 5453, 5652, 7818, 8164, 9064, 9066, 9397],
[21, 509, 1165, 1815, 1865, 2011, 2189, 2190, 2468, 2950, 3397, 3722, 4336, 5475, 5697, 6345, 7699, 7700, 7847, 8163, 9002, 9065, 11019],
[441, 1119, 1866, 2491, 3396],
[692, 918, 1016, 1027, 1243, 1331, 1474, 1818, 1988, 2390, 2551, 2696, 2708, 2846, 3226, 3941, 4717, 4719, 5008, 5496, 5559, 5689, 6446, 6506, 6858, 6909, 6950, 7196, 7500, 8206, 8865, 8910, 9054, 9379, 9767, 9922, 9965, 10525, 10632, 10840, 11087, 11175],
[1138, 2324, 4438, 5466, 9048, 9476],
[625, 3026, 5205, 5779, 7865, 8850, 9905],
[2953, 6385, 9954, 10507],
[194, 440, 515, 639, 849, 863, 869, 1382, 1384, 1406, 1867, 1879, 1881, 2187, 2188, 2470, 2490, 2889, 2931, 2932, 2933, 2934, 2935, 2949, 3435, 3650, 3728, 3905, 4216, 4275, 4328, 4339, 4784, 4855, 4871, 5476, 5653, 5696, 5706, 6360, 6968, 7327, 7838, 8041, 8426, 8885, 9021, 9043, 9281, 9290, 9309, 9310, 9311, 9472, 9868, 10595, 11012, 11020, 11112, 11187],
[1388, 2596, 2923, 2924, 3820, 3896, 4564, 4591, 6361, 7335, 8427, 8997, 9019, 11010, 11057],
[624, 626, 1121, 1335, 6662, 6666, 7131, 7896, 7903, 8203, 9116],
[456, 622, 1159, 1170, 3051, 3613, 4011, 4302, 4940, 5310, 6944, 6972],
[2844, 2906, 3171, 5573, 5832, 6260, 6561, 6664, 6727, 6730, 7746, 8068, 9973, 10584, 11005],
[1350, 2814, 3117, 6179, 7359, 8186, 9315],
[2325, 7284, 7519, 7704, 8708, 9865, 9893],
[3006, 8051, 10527, 10660],
[798, 799, 809, 811, 1286, 1793, 2612, 3341, 3378, 3584, 3781, 4179, 4613, 4614, 5111, 5363, 5365, 5521, 5809, 9122, 9418, 9603, 9690, 10068],
[1058, 1237, 1724, 2434, 9740, 11154],
[130, 198, 586, 636, 1631, 2400, 2595, 4856, 8540, 10064],
[468, 877, 956, 4308, 5988, 7436, 9657],
[191, 300, 656, 834, 835, 854, 855, 1177, 1674, 1861, 1862, 1863, 1956, 4418, 4466, 4860, 5139, 5153, 5154, 5155, 5636, 5710, 5730, 6101, 6328, 6734, 6797, 7453, 7454, 7496, 7517, 7684, 7685, 7729, 7730, 7731, 7732, 7733, 8798, 8813, 8878, 9077, 9633, 9907, 9908, 10065, 11176],
[1774, 1795, 1797, 1798, 1799, 2801, 6378, 6900, 6901, 6902, 6903],
[5661, 6500, 7430, 9724, 10865, 10866],
[871, 1346, 3436, 3445],
[864, 867, 1140, 1385, 2948, 4429, 4967, 6588, 6808, 7018, 7701, 7845, 9049, 9062, 11022, 11111],
[654, 861, 1568, 2947, 3649, 4338, 6913, 7441, 8150, 8151, 9475, 9726, 10592, 10737],
[1523, 1640, 4692, 7118, 11017],
[4410, 9872, 10652, 11001],
[197, 3355, 3662, 6252, 6672, 7161, 9477, 11189],
[3960, 4533, 7249, 9500],
[1054, 2024, 5035, 8694, 9104],
[272, 1021, 5425, 6484, 7124, 8248, 9926],
[1688, 2074, 4042, 9329, 9875],
[5, 673, 782, 889, 1206, 1207, 1242, 1345, 1779, 2253, 2589, 2642, 3727, 4055, 4095, 4100, 4164, 4485, 4803, 4854, 4921, 4968, 5016, 5819, 5839, 7128, 7548, 8482, 8556, 8604, 8801, 8905, 9612, 9739, 10653],
[2317, 4866, 6278, 7692],
[1441, 2875, 4054, 4671, 5766, 5840, 6770, 6773, 7404, 10500, 10996],
[75, 705, 1595, 2810, 9119],
[1143, 1747, 3566, 6356, 7696, 7999, 8175, 8821, 8994],
[408, 3234, 7568, 9742],
[421, 926, 5231, 9120],
[291, 389, 562, 2290, 2804, 2808],
[416, 423, 465, 1904, 5215],
[748, 2114, 2978, 3474, 3519, 4120, 4506, 8424, 9716, 9931, 9932, 10109],
[73, 417, 418, 2799, 2800, 2809, 5567, 9914, 11029, 11030],
[511, 1325, 1374, 1746, 2598, 3914, 6195, 11183],
[2347, 4667, 6129, 8251],
[1884, 2091, 2501, 3227, 3565, 4588, 4776, 4938, 4939, 6572, 8174, 8977],
[710, 1134, 2795, 4941, 4942, 4943, 7843, 8000, 8066, 8328],
[1717, 1718, 2832, 7478, 9758, 9759],
[88, 1368, 5300, 5571, 6571, 7842, 8176, 10401, 10424],
[1372, 1511, 2939, 3919, 4437, 9707],
[3638, 5798, 7571, 9915],
[242, 353, 720, 3948, 4790, 7661, 9108, 10724],
[399, 2504, 7855, 7856],
[1783, 2089, 5570, 5572, 6568, 7867],
[1200, 1834, 1836, 2878, 2879, 4066, 4067, 4068, 5192, 7504, 7505, 10992],
[82, 84, 85, 87, 1619, 1620, 1621, 3609, 3928, 3930, 3931, 7469, 7474],
[91, 1618, 3576, 9760],
[1329, 2283, 3612, 7841, 10824],
[400, 512, 1906, 3921, 4699, 4937, 10422],
[3332, 3333, 3334, 3335, 9027],
[293, 295, 564, 1599, 1603, 1604, 1605, 3577, 5164, 6749],
[311, 5358, 5359, 5361, 5806, 6753, 7737],
[788, 789, 2478, 5165, 5166, 5168, 5227, 5228, 9358, 9750, 9751, 9752, 9753],
[405, 557, 930, 2556, 2564, 3233, 4187, 5174, 7149],
[78, 79, 1614, 9755],
[2560, 2561, 2908, 3350, 4498, 4499, 7743, 9916],
[71, 397, 403, 404, 2106, 2107, 2288, 2562, 2563, 4623, 5177, 5221, 5560, 6042, 6104, 7362, 7497],
[703, 929, 932, 7595],
[4190, 5169, 7575, 10194, 10819],
[5794, 5796, 7148, 7271, 10196],
[155, 193, 780, 1584, 2858, 3720, 3734, 4465, 5702, 6127, 6346, 6351, 6805, 6926, 7337, 8887, 9063, 9307, 10728, 10998],
[77, 209, 210, 1600, 1611, 1710, 1712, 1713, 2480, 2831, 3496, 5167, 5229, 5230, 7468, 9756],
[296, 1596, 1607, 1610, 2812, 9761],
[711, 712, 2576, 5801, 6750, 6752, 7391, 7392, 7395],
[3578, 6747, 6751, 7394],
[589, 594, 5824, 6629],
[1699, 2900, 5556, 6040, 6102, 6776, 7013],
[70, 565, 4178, 4249, 5223, 6090, 6381, 6723, 7150, 7356, 7465, 8632, 8781, 9118, 10193],
[72, 385, 407, 482, 704, 786, 1310, 5218, 7569],
[289, 560, 701, 4188, 11179],
[665, 2461, 6509, 8391, 8402, 8583, 9747, 10277],
[245, 355, 2213, 2214, 4079, 7485],
[3912, 4195, 4917, 5469, 5655, 6362, 8555, 8889, 9870],
[138, 1413, 1414, 5271, 9081],
[1246, 1673, 2257, 4039, 5555, 9597],
[402, 1591, 1592, 6650, 7152, 11178],
[284, 285, 5296, 6651, 6722, 8633],
[66, 67, 68, 69, 286, 287, 558, 700, 1589, 1590, 1702, 1704, 1705, 5508, 9985],
[64, 1802, 5420, 6106, 7461],
[2718, 3201, 5482, 8542, 8703, 9372, 9541, 10848],
[3824, 4352, 6969, 8323, 9787, 10830],
[1255, 4563, 6908, 9057],
[1759, 1760, 1761, 1762, 7951],
[1763, 4075, 5091, 6685, 6785, 9082, 9835, 10373],
[490, 603, 605, 2819, 3203, 4182, 4514, 5825, 6319, 6998, 7482, 10227],
[99, 318, 588, 590, 593, 595, 717, 1766, 2215, 2826, 4513, 4595, 5032, 5101, 5682, 6788, 9029, 9834, 10374, 10709, 10710],
[1753, 3238, 4414, 6201, 7812, 8002, 8403, 8996, 11186],
[1305, 3369, 6580, 8418, 9904],
[1221, 1299, 3072, 3210, 3453, 4925, 5136, 6701, 7424, 8021, 8285, 8286, 9151, 9304, 9306, 9927, 9929, 9947, 10248],
[1348, 3506, 3561, 4945, 5330, 6207, 6257, 6924, 8182, 8390, 8859, 9312, 9399, 10606],
[49, 168, 2425, 2883, 4509, 5254, 5458, 5459, 6027, 6681, 8698, 8796, 9028, 9836, 10368],
[120, 247, 315, 894, 1050, 4073, 5089, 5341, 5822, 6684, 6686, 6874, 6999, 7001, 7445, 7952, 8467, 10704],
[3079, 5031, 7908, 7953],
[1351, 1941, 2346, 3830, 5887, 7383, 7606, 9748, 10464],
[1018, 2692, 4411, 4711, 8017],
[487, 728, 950, 6026, 6313],
[3906, 4950, 6581, 7938],
[1238, 5147, 5731, 7427, 10219],
[50, 116, 121, 1249, 2371, 2373, 2769, 3135, 4512, 5033, 5953, 6016, 6082, 6316, 7002, 7004, 9335, 10220, 10372, 10706],
[430, 2722, 7212, 10070],
[678, 2014, 2015, 2020, 5587, 6482, 7168, 7350, 8288, 10716],
[2364, 3702, 3786, 5034, 5681, 6957, 8119, 9083, 9843, 11141],
[269, 350, 1648, 1840, 2260, 3074, 3076, 5083, 5373, 5386, 6014, 6015, 6159, 6679, 6816, 7069, 8446, 9129, 9144, 9271, 9630, 10363, 10549, 10563],
[348, 1202, 1832, 2414, 2427, 2451, 5717, 6034, 6307, 6983, 7641, 7955, 9091],
[1642, 3165, 4423, 9230, 10079],
[3328, 6032, 10107, 10565],
[607, 608, 749, 770, 1056, 1231, 1395, 1396, 2767, 2963, 4510, 5084, 5371, 5735, 8263, 8449],
[2405, 2942, 2964, 7975],
[148, 152, 249, 270, 271, 361, 427, 517, 522, 730, 731, 735, 1080, 1232, 1234, 1239, 1402, 1664, 1725, 1978, 2019, 2064, 2195, 2401, 2406, 2415, 2885, 2971, 2972, 2997, 2999, 3000, 3136, 3254, 3452, 3467, 3644, 4690, 4880, 4908, 4963, 5137, 5144, 5281, 5370, 5428, 5433, 5440, 5461, 5550, 5836, 5909, 6028, 6304, 6348, 6536, 6546, 6585, 6586, 6630, 6820, 6873, 7060, 7068, 7167, 7448, 7976, 8456, 8457, 8474, 9070, 9072, 9073, 9092, 9297, 9336, 9648, 9649, 9717, 9861, 10100, 10111, 10354, 10436, 10852, 11116, 11143, 11208],
[279, 2462, 3367, 4147, 4697, 4893, 5672, 5841, 6216, 6444, 6736, 6912, 8319, 8638, 9470, 10082, 10276, 11223],
[192, 850, 851, 1976, 2160, 2548, 3366, 3724, 4330, 6241, 6879, 7644, 8389, 8440, 8607, 9017, 11109],
[2042, 6687, 7717, 8117, 9079],
[1500, 2508, 3176, 3180, 4044, 4111, 5495, 5620, 6445, 8162, 8202, 8357, 8650, 8822, 9014, 9423, 9772, 9890, 10089, 10591],
[2361, 3054, 3444, 4415, 5494, 5609, 6485, 8253, 9328, 10007, 10415],
[117, 268, 351, 473, 1230, 1757, 2374, 4072, 5463, 5821, 7831, 8568, 9840],
[159, 339, 740, 2196, 3317, 3359, 4158, 4694, 5594, 5714, 7449, 7451, 7643, 9640, 10084, 10117, 10555],
[368, 528, 529, 2453, 2647, 4789, 6537, 7450],
[367, 1195, 1979, 4070, 5451, 5457, 7630, 10092],
[488, 718, 2016, 2404, 5544, 5545, 6036],
[2366, 4074, 5727, 5737, 7662, 7664],
[119, 167, 342, 738, 1680, 3292, 3339, 3340, 6023, 11142],
[2093, 3028, 3279, 3725, 3743, 3815, 4264, 5311, 6168, 9040, 9478, 9886],
[173, 366, 1851, 2422, 2428, 3645, 3646, 3950, 6527, 7306, 7508, 7509, 7588, 9272],
[363, 364, 435, 436, 437, 1197, 1198, 1638, 2419, 2420, 2421, 3647, 3731, 4082, 5196, 5449, 5450, 7629],
[1017, 1352, 1754, 2463, 3053, 3056, 4422, 4566, 4567, 5157, 5924, 6123, 6166, 7016, 7175, 8018, 8439, 8706, 9564, 9614, 9953, 9975, 10400, 10997],
[352, 1229, 1764, 2023, 2649, 2765, 3080, 3081, 3298, 3315, 5108, 5252, 5739, 6022, 6053, 6308, 6309, 6531, 8295, 8448, 8569, 8695, 9090, 9637, 9837, 9838],
[1228, 3261, 6982, 9080, 9839],
[369, 911, 7958, 11080],
[1580, 1808, 3231, 3802, 4587, 5261, 5858, 6188, 8985],
[865, 3508, 4483, 5654, 7339, 7367, 8639, 8707, 9042, 11014, 11036],
[1585, 3477, 4218, 4265, 4333],
[4263, 5648, 6834, 10583],
[237, 853, 1136, 1864, 3739, 4331, 9471, 10526, 11015, 11058],
[539, 777, 1117, 1118, 1141, 1347, 1888, 2662, 3485, 3490, 4094, 4156, 4329, 4332, 4709, 4865, 5284, 5293, 5468, 5979, 6246, 6582, 6589, 6590, 6931, 7019, 7322, 7385, 7846, 8167, 8314, 8315, 8320, 8425, 8652, 8847, 8888, 8972, 8975, 9010, 9015, 9041, 9076, 9115, 9424, 9874, 10124, 11000, 11021, 11055],
[149, 153, 732, 1548, 1740, 1912, 2193, 2536, 3447, 4445, 5120, 5429, 5432, 5584, 5597, 5908, 5995, 6632, 6636, 7061, 7062, 7070, 7702, 10112, 10115, 10535],
[1811, 1987, 3174, 6804, 7937, 8003, 8149, 8200],
[52, 2417, 3082, 3258, 7503, 7912, 7913, 7917, 8450, 9848, 10375],
[104, 1492, 1738, 6423, 8252, 9936],
[1303, 2851, 2897, 3015, 3175, 3823, 3835, 4160, 4935, 5285, 6846, 7610, 8069, 8302, 9282, 9318, 9377, 10291, 10586],
[346, 906, 1233, 1633, 2063, 2224, 2719, 2995, 3318, 3471, 4143, 5255, 5553, 5725, 5740, 6031, 6822, 9099],
[243, 516, 771, 1217, 1275, 1420, 2065, 2761, 3075, 3262, 3263, 3291, 3549, 5100, 6021, 6030, 6538, 6863, 6954, 6955, 7910, 7961, 7962, 9084, 10851],
[147, 725, 1913, 5709, 7420, 7832, 9459, 10352],
[1203, 2888, 4601, 5462, 5481, 5732, 6994, 7310, 7419, 9645, 9694, 11129, 11151],
[616, 2018, 6964, 6965, 7433, 9860, 10110],
[267, 3301, 3955, 4768, 5444, 7715, 7918, 8264, 10853],
[371, 2645, 3148, 3302, 4817, 5742],
[1048, 3330, 6783, 6784],
[596, 1279, 1453, 1916, 2208, 2825, 2835, 3711, 3794, 5110, 5151, 5152, 5338, 6052, 6318, 10223, 11135],
[633, 1983, 7160, 7164, 7765, 7790, 10113, 11159],
[697, 2557, 2840, 2841, 2843, 3498, 6103, 6379, 6380, 6905, 6906, 7456, 7464, 8829],
[1960, 3211, 5142, 7266, 11132],
[1681, 5716, 10365, 10988],
[132, 334, 1053, 2629, 2899, 3205, 3321, 4516, 4598, 5030, 6019, 6050, 6787, 7960, 8433, 8447, 9094, 9407, 9408],
[769, 1550, 2591, 4927, 5820, 5936, 6677, 6693, 6697, 6698, 8700, 8701, 9337, 9639, 9928, 10495, 10995],
[253, 903, 998, 1235, 1424, 3073, 3449, 3455, 3456, 4695, 4769, 4791, 6498, 6699, 7510, 7798, 8246, 10116, 10895],
[165, 166, 169, 170, 172, 362, 365, 519, 524, 721, 874, 1193, 1666, 1833, 1838, 1839, 1852, 1853, 1980, 1981, 2418, 2534, 2880, 2881, 3361, 3362, 3949, 4116, 4117, 5551, 5552, 6440, 7067, 7418, 7764, 9651, 10721, 10989, 10990],
[722, 737, 1660, 1661, 2154, 2156, 2431, 2646, 3951, 5464, 6441, 6442, 6992, 7163, 7417, 9107, 10356, 10714, 10732, 10994],
[163, 164, 171, 181, 336, 338, 341, 428, 727, 739, 741, 750, 751, 752, 753, 1192, 1542, 1662, 1682, 1683, 1684, 2017, 2021, 2155, 2410, 2411, 2535, 2593, 2648, 2884, 3197, 3256, 3360, 3364, 3946, 3952, 4071, 5445, 5446, 5480, 5708, 5718, 5734, 5996, 6025, 6068, 6305, 6314, 6541, 6543, 7172, 8245, 8567, 9105, 9650, 9692, 9693, 9844, 9845, 9846, 9847, 10099, 10364, 10720, 10723, 10993, 11145, 11203, 11204, 11205, 11207],
[47, 48, 337, 518, 736, 873, 1199, 1663, 1835, 2877, 3255, 5436, 5437, 5439, 5447, 5585, 5586, 5715, 6160, 6497, 6526, 6529, 6542, 6680, 7063, 7064, 7169, 9069, 10098, 10715, 10719, 10987],
[3, 56, 58, 254, 359, 472, 724, 772, 878, 1081, 1273, 1426, 1647, 2007, 2035, 2157, 2545, 2678, 3122, 3137, 3198, 3290, 3303, 4372, 4819, 5434, 5546, 5941, 6210, 6691, 6692, 6694, 7036, 7165, 7166, 7314, 7346, 7416, 7432, 7633, 7718, 7719, 7721, 7916, 8432, 8475, 8502, 8691, 8967, 8968, 9464, 10350, 10531, 10556, 10894, 10905, 11040, 11130, 11133],
[1011, 2594, 2677, 3264, 3737, 4903, 11117],
[3149, 5723, 5724, 7632, 8309, 10358, 10562, 10898],
[2837, 4515, 5047, 8114, 8294, 9833],
[5998, 6163, 7833, 8006, 11119],
[2455, 3305, 6481, 6631, 7075, 9631, 10897],
[55, 2634, 5087, 6780, 7919, 8716, 10232, 10707],
[1220, 1564, 7267, 7428],
[199, 904, 6161, 6162, 10348, 11127],
[1675, 2671, 4716, 7028, 8814, 8838],
[1698, 3325, 4139, 8799, 10482],
[297, 575, 802, 1706, 2447, 3981, 4131, 5344, 5507, 5513, 5514, 5614, 5616, 7579, 7727, 8791, 9111, 9451, 9452, 10815],
[111, 942, 2797, 3636, 3970, 3986, 5873, 7899, 8208, 8303],
[2697, 2815, 3170, 3597, 6647, 6744, 6917, 7897, 7928, 8256],
[2305, 7520, 8097, 8628, 11083],
[1671, 2130, 3132, 3961, 4152, 4309, 4795, 4973, 5200, 6551, 7761, 8725, 9658, 10396, 10697, 10752],
[1135, 1748, 3236, 3352, 5788, 11031],
[1340, 4150, 4361, 5406, 7705, 7921, 8155, 8247],
[9, 3581, 4828, 4875, 5188, 10152, 11048, 11084, 11171],
[157, 972, 1030, 1043, 2704, 3803, 4536, 4821, 4838, 4845, 4878, 4957, 5644, 5649, 6184, 7523, 10617, 11172],
[974, 1339, 4898, 8572],
[467, 2571, 3602, 3603, 5800],
[806, 807, 1320, 4656, 6095, 6417, 6419, 7616, 7933, 8788, 8833, 9406],
[955, 1319, 4657, 7930, 10000, 10204],
[830, 965, 1804, 2036, 2311, 5323, 6109, 6766, 10252],
[1924, 3377, 4653, 8804, 9659],
[3037, 3209, 4826, 5948, 6511, 8198, 8585, 11217],
[5607, 7597, 8187, 8897, 9997, 10200],
[2286, 3229, 5568, 7375, 7387, 10522],
[109, 1655, 3027, 3604, 8397],
[463, 943, 1160, 2109, 4248, 6658, 7388, 10822, 10823],
[567, 1609, 1932, 2108, 2570, 5304, 5569, 5799, 6648, 7376, 7377, 7389, 7573, 7741],
[582, 833, 1209, 1947, 3639, 3694, 4080, 4224, 4287, 4288, 5522, 5543, 5813, 5814, 6420, 7532, 7888, 9234, 9662, 9902],
[1104, 1107, 1952, 2137, 2775, 3692, 3780, 6406, 7344, 7455, 7531, 7613, 7682, 7804, 8136, 8831, 9121, 9209, 9483, 10430],
[3963, 4059, 4194, 5184, 6416, 7006, 7725, 8983, 10262],
[142, 3385, 4097, 4843, 6060, 6399, 7686, 8135, 9455],
[115, 534, 895, 1055, 1240, 1407, 1408, 1456, 1842, 2058, 2061, 2062, 2067, 2336, 2375, 2650, 2768, 2836, 3343, 3462, 3514, 3703, 3785, 3795, 4005, 4006, 4316, 4796, 4797, 5012, 5013, 5375, 5387, 5533, 5664, 5678, 5955, 6003, 6017, 7296, 7659, 7974, 7979, 8268, 8470, 8718, 8934, 9086, 9087, 9088, 9089, 9093, 9626, 10380, 10908, 11078],
[2386, 5969, 7043, 8570, 9436, 10656],
[122, 597, 2834, 2839, 10225],
[804, 805, 1034, 1035, 2071, 5346, 6402, 6403, 7753, 8805, 9453, 9600],
[2180, 3745, 4861, 4868, 5981, 6878, 7022, 7178, 7904, 8563, 8961, 9780],
[1693, 1737, 1752, 3502, 4058, 8064, 8191, 10572],
[791, 4021, 4192, 5512, 7806],
[574, 1266, 1267, 3586, 4023, 6885, 6904, 9982, 10516],
[2057, 2234, 2370, 2993, 9370],
[1359, 4955, 5942, 10435],
[2034, 2471, 5583, 6156, 7184, 10101],
[328, 486, 952, 1480, 1727, 1801, 2030, 2240, 2244, 3379, 3713, 4038, 4126, 4137, 4180, 4257, 5322, 5377, 5525, 5604, 5642, 6004, 6046, 6081, 6759, 7758, 7971, 8477, 9680, 9857],
[112, 457, 581, 2698, 4298, 6191, 9360],
[309, 570, 583, 1105, 2232, 2248, 2304, 3693, 4858, 4913, 5131, 5524, 6111, 8933],
[470, 3669, 4138, 4140, 6270, 7410, 8133, 9798, 9856, 11212],
[1039, 4285, 9112, 9620, 9660, 10203],
[1038, 1041, 1289, 1290, 1803, 1949, 2448, 4132, 4250, 4284, 4610, 4654, 6045, 6047, 6895, 7529, 8281, 8479, 8783, 9999],
[1288, 1707, 4997, 7581, 7596, 8790],
[939, 1125, 1791, 2139, 3348, 4130, 4191, 4294, 4495, 4996, 5171, 5615, 7011, 7012, 7153, 7463, 7893, 8840, 9363, 9677, 10201],
[1930, 5515, 5516, 6093, 6401, 10207],
[495, 1210, 4874, 5518, 8132, 11052],
[1449, 1450, 2385, 3314, 4020, 4184, 4735, 7434, 9097, 11075],
[327, 2144, 2445, 2558, 2896, 5491, 6832, 6884],
[628, 1009, 1355, 1809, 2658, 4041, 4669, 4748, 5115, 5135, 8030, 8867, 9051, 9252, 9885, 9950, 9960, 10662],
[204, 3381, 6051, 8926],
[3909, 4148, 6835, 7566, 8601, 8907, 10081],
[5286, 5287, 6181, 6354, 8554, 8649],
[63, 1336, 2656, 5396, 5422, 5613, 5776, 5983, 6868, 9992, 10297],
[480, 1032, 2314, 2640, 3587, 4369, 5353, 5364, 6078, 7708, 8792, 9595, 10069, 10208, 10243],
[329, 6099, 6887, 6960, 9983],
[326, 494, 4627, 4877, 4936, 6726, 7679, 8255, 9113, 9114],
[208, 1162, 2476, 2813, 3716, 3935, 4009, 4090, 5792, 6189, 6922, 6941, 8999, 9117, 9324],
[381, 3235, 6801, 9762, 10825],
[1917, 2898, 3782, 6796, 9622],
[1721, 1821, 1823, 1824, 2052, 2053, 2246, 2540, 2637, 2773, 2847, 3480, 3553, 3696, 5378, 5535, 6072, 7892, 9333, 9440],
[110, 393, 829, 938, 1313, 1323, 2082, 2306, 2487, 5488, 6061, 6745, 7055, 8126, 8866, 9480, 10263, 10573, 10619],
[2674, 4368, 4558, 5874, 7008, 7582, 8128],
[395, 406, 409, 410, 424, 566, 928, 1122, 1161, 2567, 3627, 5778, 5797, 6041, 6091, 6649, 6829, 6943, 7355, 8634, 8803, 10508, 11003],
[3516, 3541, 3544, 5276, 5640, 8950, 11076],
[1077, 5485, 7154, 7260, 7358],
[379, 1780, 2673, 2954, 4659, 5961, 6939, 7400, 8411, 8644, 8909],
[1075, 3019, 4416, 5984, 6105, 6563, 8127, 10511],
[585, 957, 1211, 2037, 2901, 5335, 5343, 5554, 7435, 7495, 8815, 9995],
[426, 966, 2135, 2605, 2606, 2611, 3988],
[689, 1180, 1969, 1977, 2158, 4840, 5347, 6397, 6495, 6809, 6851, 7283, 7319, 7321, 8651, 9022, 10867],
[1722, 1920, 6867, 6962, 7274, 7655, 7805, 8959, 9457, 9797],
[1751, 2105, 3115, 4886, 5577, 6916, 8188],
[299, 380, 764, 3580, 4348, 9672, 10514],
[1785, 2287, 3501, 3615, 5580, 6921, 6934, 6974, 7357, 9228],
[824, 828, 1588, 2789, 2790, 2791, 2798, 2803, 2864, 3018, 5222, 5606, 6382, 6566, 6920, 6973, 7363, 8635, 8830, 9743, 9919, 9920, 10509, 10520, 10521, 11180],
[377, 4720, 5388, 5643, 6862],
[2360, 3652, 5493, 6263, 8437, 8748, 9426],
[916, 1137, 2394, 3556, 3592, 4471, 4883, 5288, 5325, 5473, 5856, 5857, 6264, 7611, 8284, 8324, 9020, 10627],
[845, 3446, 3677, 6215, 7673, 9428, 9702, 10391, 10582],
[280, 1628, 3840, 4468, 4696, 5904, 7791, 10461],
[3534, 3706, 5273, 6890],
[1154, 1921, 2872, 3655, 5574, 7031, 8480, 9978, 10080],
[5187, 6938, 8334, 8490, 10199, 10469],
[1051, 1252, 1411, 2770, 2774, 3531, 3704, 4016, 4017, 5048, 9854, 10224],
[1066, 1069, 1805, 5812, 6236, 6856],
[2608, 3851, 4605, 5258, 8129, 8130, 9283, 9796, 10447, 10839, 11220],
[1015, 1127, 2045, 2328, 3008, 3749, 4417, 4774, 4812, 4899, 5921, 6269, 7341, 7438, 7707, 8035, 8487, 9284, 9686, 10271, 10600, 10603, 10604, 11221],
[113, 1825, 2870, 3038, 3241, 3311, 3670, 4672, 4836, 5729, 6020, 6448, 6513, 7040, 7598, 7920, 8376, 8484, 8571, 9215, 9445, 9543, 9605, 9606, 10251, 10847, 11077, 11215],
[333, 1563, 1915, 2772, 5679],
[262, 1175, 3796, 8924],
[3224, 5754, 7290, 8562, 9184],
[2981, 3754, 3791, 4675, 6272, 7037, 7877, 7963],
[2335, 2701, 2869, 8736],
[977, 2538, 2666, 3759, 4317, 4847, 7783, 9552],
[6, 1360, 1363, 3039, 4313, 5591, 6459, 9469, 9487, 9800, 9959],
[1271, 2967, 3460, 10861],
[1031, 2868, 3783, 5014, 5383, 6825, 7801, 9126],
[1333, 6075, 7354, 7656],
[1475, 3242, 3691, 7145, 7969, 9211],
[4300, 5418, 5783, 6092, 6646, 7010, 8827],
[1819, 2569, 4299, 4622, 4652, 9676, 9988],
[2554, 2863, 4651, 5575, 5605, 7754, 9972],
[1076, 1334, 3283, 6971, 7615, 10004],
[316, 571, 1263, 2318, 2818, 3635, 3714, 4123, 8282],
[308, 320, 891, 1777, 2243, 2245, 2368, 2630, 2633, 3380, 3539, 3631, 4037, 4136, 4612, 5811, 6866, 6886, 6958, 6959, 6961, 7275, 9634, 9636, 9681, 10226, 10559],
[425, 1090, 3492, 4258, 4999, 5000, 7716, 8139, 8461, 10346],
[2235, 4133, 5278, 5319, 5829, 6882, 7713, 7973, 8444, 8575, 8789, 8952, 10344, 10649],
[202, 947, 1726, 2867, 3700, 6300, 6515, 7968, 8289, 8493, 9128],
[244, 1768, 1769, 1770, 2211, 2828, 3529, 3992, 4015, 6294, 6295, 7484, 8468],
[2865, 6731, 9990, 10429],
[114, 1091, 2229, 2387, 3441, 3708, 5049, 6675, 8944],
[1918, 2338, 2848, 6478, 7654, 7709],
[1778, 2817, 4292, 7756, 7757, 9454, 10253, 10481],
[321, 1245, 1409, 1410, 1452, 1457, 1572, 2060, 2651, 2653, 2654, 2655, 4033, 5520, 6298, 6888, 6891, 8794, 9130, 10377],
[1292, 1412, 1481, 2220, 3710, 5342, 5683, 6048, 6083, 6883, 8454, 8786, 8931, 8932, 9101, 9625, 10106, 10378, 10560],
[1176, 2308, 4204, 7759, 7809, 10404],
[1295, 2668, 5881, 6084, 9444, 10229],
[1448, 2764, 5946, 8196, 11134, 11201],
[573, 810, 2299, 2313, 2802, 2833, 4998, 6039, 6889, 8807, 10215],
[667, 1914, 3092, 4321, 6010, 9945, 10532],
[694, 924, 944, 1928, 1955, 2482, 2955, 3032, 3285, 3499, 4193, 4556, 4557, 4608, 4626, 4779, 4914, 5421, 6877, 7056, 7681, 7932, 8828, 8851, 9412, 9971, 10003],
[1085, 1315, 2614, 6799, 8854],
[2565, 2783, 2788, 3114, 3596, 6725, 6918, 6935, 10197, 10255, 10426, 10427, 10827],
[2319, 3690, 4203, 6080, 6768, 6778, 8464, 10345],
[1482, 2059, 4201, 6875, 10105],
[1001, 1287, 3281, 6405, 7459, 7594, 7726, 9404],
[569, 1028, 8036, 9364, 9778, 10001, 10002, 10828],
[1332, 1925, 5618, 6237],
[556, 3284, 4867, 7440, 7929, 8409, 10005],
[4559, 6169, 6564, 6663, 9361, 10408, 11004],
[1244, 1281, 1478, 2134, 2331, 2398, 2399, 3035, 3489, 5027, 5039, 5051, 5641, 6323, 6326, 7972, 9216, 9285, 9594, 9596, 11041],
[330, 572, 2300, 3494],
[1338, 7460, 7498, 9359],
[925, 941, 1899, 2616, 3049, 3969, 4501, 5922, 6043, 6743, 6942, 7574, 8190, 8407, 8636, 8819, 8856, 10512],
[1022, 1057, 2054, 2219, 6055, 7618, 7620, 7984, 8116, 11161],
[1109, 3491, 4834, 7157],
[100, 134, 259, 1560, 2210, 2542, 3993, 4124, 7481, 7483, 8453, 9003, 9334, 11197, 11198, 11199, 11200],
[2544, 3532, 3535, 5529],
[3789, 4373, 10534, 10907],
[2228, 4518, 8317, 8543, 8692, 8966, 9715, 10351, 10906],
[478, 792, 796, 1277, 2069, 2312, 3323, 3346, 3384, 3543, 3689, 4003, 4035, 4252, 6049, 6096, 8462, 8463, 8927, 8928],
[2323, 2377, 3145, 5460, 5817, 6643, 7312, 7351, 7352, 7668, 8195, 9488, 9492, 9795, 10537, 11164],
[1059, 3150, 6432, 7204, 8969, 10071, 10140],
[3294, 4881, 5125, 5918, 6671, 6695, 8702, 10502, 11218],
[322, 492, 1458, 1486, 2822, 2823, 3383, 3458, 3463, 3625, 3688, 4181, 4185, 4202, 4251, 4256, 5037, 5528, 6299, 6760, 6876, 6894, 7276, 7807, 8138, 8478, 9102, 9623, 9792, 10244],
[1483, 2242, 5519, 5534],
[2958, 6115, 6131, 10402],
[2716, 3141, 4870, 4959, 5405, 6276, 7257, 8503, 9591, 9957],
[1226, 1676, 2384, 3196, 4199, 4467, 5138, 5390, 7277, 8421],
[2132, 3142, 4734, 4897, 6085, 6302, 9632, 10893, 11121, 11209],
[101, 123, 124, 331, 477, 1561, 2209, 3528, 3536, 3537, 3994, 3995, 4029, 4034, 4125, 4253, 5541, 6098],
[136, 484, 793, 800, 3459, 3989, 4255, 5098, 5530, 7343, 8283, 8930, 11074],
[987, 7202, 8662, 9946, 10308],
[260, 332, 485, 1776, 2827, 3530, 4014, 5376, 5531, 6523, 9369],
[1767, 3342, 3542, 3990, 5042, 6038, 9635],
[2185, 3439, 4219, 4519, 4818, 4962, 6057, 6064, 6086, 10739],
[1829, 6880, 7074, 7281, 8027, 8152, 9157, 9468, 10388, 11125],
[3208, 3673, 6813, 7214, 8271, 8499, 8500, 8534, 9536],
[2049, 3880, 3889, 3890, 4574, 5113, 7784, 9938, 10305, 10317, 10478],
[1093, 2751, 7199, 7200],
[3043, 4744, 7413, 9384, 10745],
[2472, 5122, 5721, 6002, 7313, 8435],
[1084, 4806, 9222, 9378, 10499, 10574],
[3286, 3752, 5646, 5759, 5853, 6454, 7252, 7253, 8055, 8158, 9149],
[255, 3146, 9539, 10237, 11100],
[988, 2736, 3087, 3088, 3451, 3461, 5143, 5213, 6533, 6689, 7712, 8265],
[1314, 1733, 3387, 5018, 6133, 9673],
[6058, 9432, 10899, 10985],
[1565, 2433, 3091, 3454, 7349, 8274, 8298],
[773, 3202, 3265, 8441, 10094],
[674, 3123, 5949, 6212, 7280, 8143, 9818, 10306],
[3003, 6213, 6492, 7209],
[1189, 2713, 3881, 5843, 9421],
[2763, 3518, 3957, 11079],
[781, 1403, 1667, 1686, 3623, 3663, 4593, 5279, 5844, 6001, 6525, 6584, 6817, 7443, 7600, 8918, 11120],
[1996, 3147, 3939, 5850, 8541, 10492, 10738],
[200, 257, 723, 1489, 1830, 1870, 2876, 3450, 3826, 3879, 4362, 4409, 4770, 5024, 5845, 6012, 6145, 6242, 6243, 7217, 7303, 7304, 7415, 7639, 7648, 8005, 8026, 8153, 8299, 8547, 8606, 9292, 9461, 9701, 10247, 10389, 10390, 10528, 10651, 10863, 11114, 11227],
[1225, 1646, 2184, 4685, 5028, 8243, 8688, 8693, 10727],
[991, 3139, 5956, 9939, 10437],
[1358, 2749, 2986, 4490, 5666, 8266, 8690, 9794, 11165],
[1094, 1999, 2755, 4320, 4602, 4825, 10304, 10849, 11138],
[1356, 1571, 2680, 5880, 7881, 11224],
[61, 2039, 2988, 4487, 4571, 5124, 5423, 5650, 6860, 7935, 8954],
[1444, 1938, 4166, 4896, 5382, 5590, 7601, 8308, 8476, 11137],
[2717, 2748, 8586, 10903, 11082],
[978, 2161, 3887, 4724, 5745, 6845, 7405, 8553, 9937, 10017, 10778, 10854],
[3094, 4573, 7560, 8902, 11190],
[1020, 1425, 3153, 3304, 3522, 3811, 5940, 7796, 8022],
[6553, 7320, 8023, 9958, 10564, 11226],
[2721, 3521, 5009, 7768, 8455, 9346, 9528, 9629, 10831],
[3849, 4310, 5059, 9562, 10041],
[3098, 8550, 9558, 10957],
[984, 1157, 4232, 5775, 5885, 7381, 8085, 10122, 10751],
[3244, 3470, 4569, 6881],
[1497, 2733, 8413, 9811, 10032, 10164],
[1786, 7234, 9559, 10148],
[3177, 5925, 9568, 10143],
[4934, 5058, 7287, 7289, 8615, 10925],
[919, 2295, 3893, 4747, 5746, 5859, 5892, 6718, 8617, 9788, 10125],
[2739, 2874, 3222, 4234, 4311, 6717, 7051, 7295, 7538, 7557, 8093, 8754, 9264, 9976, 10159, 10601, 10629, 10658, 11064],
[3595, 5675, 5875, 5929, 6149, 6945, 7080, 8863, 9583, 10241],
[922, 1495, 4381, 4582, 4810, 9147, 10807],
[2356, 2549, 4357, 9495, 10497],
[2005, 4358, 6222, 8949],
[1008, 3440, 4163, 4364, 5506],
[1002, 2250, 3007, 3443, 3641, 4350, 4351, 4494, 5132, 5489, 5927, 7528, 8936, 10838],
[917, 1114, 3104, 4491, 5968, 8011, 8033, 8591, 10158],
[1067, 1954, 2081, 4420, 4715, 4970, 5326, 5987, 6735, 7140, 8860, 10431, 10814],
[6218, 7288, 8103, 8686, 9538],
[1007, 1153, 1464, 3374, 6936, 7053, 10524],
[3044, 8862, 10077, 10441],
[3045, 7081, 7228, 7997, 9821, 10973],
[1115, 1437, 1653, 2396, 2485, 3871, 4382, 4727, 4775, 5201, 5771, 6265, 6266, 6592, 7553, 8058, 9055, 9164, 9171, 9415, 9822, 10144, 10621],
[2757, 3854, 4530, 6475, 7550, 8729],
[3005, 4173, 4383, 6841, 6849, 7138, 7190, 7225, 7226, 7229, 7996, 8394, 8756, 9355, 9380, 9547, 9810, 9830, 10670, 10766],
[1073, 3060, 4839, 7227, 10911],
[459, 1431, 2486, 2956, 5986, 6476, 7397, 7678, 8009, 9613, 11043],
[2178, 6593, 10285, 10801],
[1324, 1587, 5052, 5069, 5751, 5930, 8014, 8257, 8599, 9695, 9969, 10488],
[982, 3239, 3750, 4379, 4714, 4887, 6132, 6720, 7543, 9962, 10074, 10471, 10472],
[986, 989, 1065, 1087, 1434, 1460, 1965, 2046, 2684, 3009, 3047, 3654, 3966, 3987, 4175, 4227, 4290, 4733, 4740, 5782, 6239, 6594, 7230, 7250, 7810, 8352, 8982, 9232, 10270, 10440, 10587, 10602],
[5393, 8047, 8333, 8486, 8764],
[813, 3012, 4261, 5854, 6411, 7009, 8723, 8778, 10264],
[3593, 4562, 5490, 7458, 9437, 10812],
[3589, 4291, 4805, 7408, 7887, 8332, 8939, 9409, 10628],
[2142, 2143, 2145, 2484, 2552, 5497, 7399],
[920, 1072, 2672, 3747, 4809, 7554, 7936],
[3140, 8689, 9826, 10336, 10943, 10971],
[2871, 4628, 6600, 9414],
[2902, 3876, 8048, 8489, 9166],
[1106, 3971, 7137, 8560, 9604, 9674, 9769, 10448, 10800],
[2707, 3968, 4380, 8410, 9484, 10470],
[1146, 1736, 2146, 2329, 3746, 3847, 4853, 4912, 5500, 5579, 6415, 7824, 8012, 8034, 8491, 8940, 9482, 9545, 9770, 10295],
[1086, 2777, 3014, 3590, 6775, 7189, 9979],
[1465, 2905, 4503, 5564, 6268],
[921, 3386, 3874, 4307, 7244, 9779, 10104],
[3687, 3979, 6261, 10298],
[301, 1074, 1991, 4282, 6148, 6407],
[1025, 2985, 7689, 7750, 8631, 9098, 9167, 9342, 9993],
[1213, 1576, 4174, 5379, 9375],
[964, 1435, 3523, 5395],
[1096, 3193, 4862, 5007, 7589],
[357, 1098, 3252, 3668, 4040, 4674, 5945, 7269, 8960, 9441, 10624],
[1845, 2117, 6233, 6463, 7422, 10454],
[1692, 4170, 4739, 5861, 9240, 9793],
[3184, 3778, 4223, 7027],
[3070, 4822, 6847, 8761, 9256, 10020, 10963],
[4064, 5914, 6601, 7995, 8396, 9183, 9485],
[146, 963, 3192, 3326, 4172, 5920, 6071, 6512, 8630, 8713, 9239, 9607, 9783, 9809, 11230],
[4, 102, 2031, 5050],
[1014, 3940, 4043, 7041, 8551],
[1942, 2437, 2438, 2750, 4678, 5351, 5905, 6501, 7206, 8605, 8666, 8759, 10040, 10048, 10634],
[970, 1728, 2258, 4198],
[7187, 8904, 10338, 10450],
[996, 3162, 3269, 4318, 5266, 5896, 5973, 6153, 7222, 8095, 8373, 8508, 8518, 10035, 10049, 10167, 10303, 10747, 10864],
[6947, 7221, 7604, 9553, 9814, 10087, 10928],
[618, 1099, 2397, 3058, 3061, 3469, 4504, 4644, 4807, 5720, 5816, 7144, 7751, 8046, 9161, 9486, 9544, 10268, 10479, 10588, 11051, 11105],
[3273, 5158, 6428, 7050, 7207, 9925, 10072, 10955],
[8523, 8896, 10465, 11086],
[1553, 1627, 4053, 5407, 5890, 7565, 8584],
[2333, 7136, 8946, 9802, 10398, 10944],
[1827, 2120, 2133, 3674, 4721, 4723, 10568, 10692, 10750],
[1013, 1958, 2459, 3546, 3805, 4489, 5389, 6112, 7657, 7906, 9446, 9689, 9781, 10383, 10567],
[475, 2321, 3671, 6521, 6840, 7710],
[4062, 4728, 4827, 5212, 7174, 8053, 8392, 8496, 8877, 8879, 8912, 10320, 11166, 11167, 11168],
[13, 1116, 2345, 4392, 5312, 5313, 5785, 6811, 7406, 7944, 8339, 8400],
[2587, 4850, 4902, 6284, 6818, 7353, 8109, 9218, 10118, 10726],
[1467, 2000, 4841, 5852, 8220],
[1181, 1184, 2643, 3676, 5958, 5967, 6274, 7105, 8610, 9152, 9588, 10956],
[961, 1438, 3852, 4920, 6334, 6952, 7555, 9449, 10753],
[1552, 3860, 4167, 4231, 4749, 8232, 8900, 8990, 10395, 11169],
[1897, 2727, 2740, 4103, 4306, 4592, 5333, 6219, 6756, 7048, 7544, 7670, 8532, 8868, 8901, 11163],
[59, 1147, 1625, 1939, 5159, 6144, 6244, 6247, 6396, 7237, 7439, 7736, 7870, 8076, 8481],
[1064, 1223, 1672, 3751, 4237, 4872, 5483, 7647, 7820, 8054, 9816, 10744, 11072],
[2177, 3554, 3756, 5357, 5400, 7776, 10260, 10269],
[4151, 4169, 4394, 9330, 11101],
[501, 4646, 7384, 7819, 9896],
[3755, 6273, 9586, 10769],
[207, 757, 8388, 11219],
[3856, 6220, 7300, 7762, 8526, 9828],
[3678, 3867, 4408, 7216, 10129, 10156],
[1491, 1735, 1828, 1943, 1964, 2388, 2855, 3271, 3975, 5265, 6226, 6555, 6810, 6948, 8044, 8611, 9058, 9321, 10131, 10145, 10150, 10661, 10776],
[145, 1946, 8080, 11232],
[1844, 3848, 4474, 4718],
[1468, 2617, 3059, 3882, 4112, 4831, 4895, 5006, 5619, 5662, 7993, 8520, 9343, 9555, 9572, 10777, 10803, 10909, 11065],
[778, 1739, 1995, 2150, 3188, 3665, 3937, 4404, 5748, 5755, 6228, 6850, 7421, 7821],
[620, 2856, 3120, 3187, 3277, 5262, 6665, 8318],
[774, 1357, 1501, 1944, 2854, 3813, 3839, 3943, 3978, 4632, 5855, 6287, 6288, 6605, 6612, 7239, 7623, 8356, 9427, 10962, 11070],
[2744, 3151, 4375, 4707, 6844, 6953, 7777, 8160, 9192, 9204, 9956, 10036, 10179, 10540, 11231],
[580, 2389, 3275, 4815, 7096, 8367, 10309, 10325, 10918, 10935, 11162],
[2116, 7537, 9447, 10045, 10120, 11233],
[3096, 3885, 4134, 4537, 7034, 7552],
[2348, 5057, 7220, 7318, 8213, 8971, 9249, 9386, 10027],
[763, 1062, 3250, 3308, 3875, 5182, 6332, 7559, 8057, 8306, 10024],
[4982, 6412, 7409, 7547, 8377],
[1469, 4555, 8766, 10788],
[2334, 3685, 3757, 4906, 10412, 10646],
[1807, 1933, 2754, 4385, 4391],
[669, 1937, 3249, 4634, 6489, 7545],
[3857, 4743, 5348, 7084, 7101, 7245, 7556, 7563, 7749, 8366, 10190, 10679, 11235],
[1185, 3772, 4542, 5189, 5403, 6470, 7085, 7088, 7091, 7181, 7256, 8193, 8903, 9202, 10310, 10887],
[5065, 8157, 8346, 8368, 10938],
[4246, 6262, 7141, 8063, 9517, 10503, 10813],
[1935, 4650, 7255, 7822, 9509],
[1113, 1302, 3810, 5003, 7201],
[4576, 4635, 4636, 4638, 5424, 5760, 6471, 6703, 7258, 9344, 10016, 10545, 11173],
[1463, 1554, 1990, 2169, 2171, 3834, 4102, 4230, 4522, 6187, 6427, 6488, 8565, 8745, 9169, 10403, 10924],
[3664, 3859, 5126, 7104, 8709, 9416, 10357, 10892, 10960],
[2862, 5078, 7286, 11244],
[2164, 3247, 4157, 4363, 6771, 7223, 7546, 8962, 10324, 10570],
[3119, 4988, 7722, 10047],
[12, 994, 2709, 4842, 5017, 5021, 6114, 6477, 7340, 8911, 10039, 10332],
[985, 4245, 4677, 4751, 9435],
[2352, 4225, 6486, 6611],
[2738, 4578, 8677, 10543],
[1555, 1810, 2044, 2173, 3278, 5202, 6130, 6275, 9576, 10009, 10127, 11085],
[2151, 2167, 2351, 3066, 3310, 3525, 4633, 6708, 7238, 7786, 8711, 9241, 10872, 11194],
[783, 3656, 4146, 4631, 4637, 4814, 7254, 8602, 8654, 8712, 8825, 8970, 9392, 10663, 10879, 11222],
[4629, 6597, 6668, 7793, 8609],
[3832, 4673, 5926, 7235],
[2149, 4229, 4469, 6421, 7525, 7885, 8222, 9056, 9391, 9512],
[1112, 2970, 3976, 5863, 7988, 8261, 9347, 10491, 10647],
[2354, 3843, 4575, 5877, 6469, 6604, 6704, 7771, 7772, 8061, 8083, 8199, 8942, 9507, 10178, 10314, 10888, 11249],
[62, 375, 3067, 7039],
[758, 2753, 2758, 4792, 7058, 8876, 10622, 10871],
[2969, 3868, 4242, 5895, 8102, 8348, 10340, 10636, 10677, 10873, 10929],
[2681, 8349, 8516, 9533, 9820],
[1026, 1470, 1575, 2715, 3154, 3212, 3253, 3844, 4676, 4799, 5548, 7049, 7603, 7940, 8145, 9257, 9287, 9961, 10319, 11049],
[10, 5029, 5972, 7268, 10639, 10691],
[1477, 6451, 6504, 10981],
[668, 1556, 2342, 2737, 3097, 3767, 4552, 4793, 6280, 7192, 8131, 8937, 9195, 9331, 9511, 9803, 10645],
[983, 2735, 6674, 7723, 8216, 8660, 9429, 9581, 9829],
[4755, 5898, 6838, 7294, 7774, 8230, 9196, 9502, 9609, 10015, 10637],
[1494, 2350, 3726, 4527, 4971, 5747, 8557, 8906, 10312, 10399, 10841, 11089, 11170],
[1577, 1962, 4207, 4243, 5267, 7562, 8008, 9133, 10287, 10476],
[1436, 6599, 7219, 7231, 8594, 8735, 9217, 9501],
[1966, 3773, 4060, 10175],
[8769, 9385, 10631, 10982],
[1994, 4393, 6458, 7941, 8059, 8343, 8379, 8673, 10789, 10913],
[378, 2077, 2125, 2170, 2182, 2341, 3130, 3163, 3213, 3274, 3869, 3872, 3877, 4729, 4732, 4993, 5054, 5764, 6225, 6452, 6472, 8045, 8529, 8658, 8824, 9170, 9193, 9266, 9322, 9505, 10138, 10180, 10322, 10541, 11061],
[3157, 4222, 6277, 9589, 10844],
[4901, 5499, 7247, 8773, 10146],
[2123, 2712, 2729, 4396, 4682, 4746, 6426, 8751, 10042],
[3526, 4378, 5074, 6772, 8743, 9521],
[4238, 5501, 7086, 7133, 7942, 8732, 9527, 10931],
[4586, 8231, 9339, 9519, 10688],
[11, 2073, 3030, 3160, 3814, 4208, 4543, 5846, 6505, 7195, 7198, 7246, 7986, 8310, 8682, 8963, 9181, 9186, 10321, 10432, 10504, 10771, 11246],
[1071, 1957, 3101, 6712, 7106, 7769, 8737, 8771, 8929, 9198, 9499, 9531, 10870],
[2162, 4228, 4539, 5902, 6737, 7259, 8092],
[8659, 9518, 10151, 10405, 11042],
[3846, 6290, 7243, 8744],
[3125, 3653, 5260, 5768],
[971, 3850, 4643, 7299, 8589, 8734, 8776, 9172, 9199, 9556, 10950, 10977, 10983],
[1003, 4987, 9185, 10292],
[4388, 4640, 8505, 9350],
[6457, 6949, 9173, 9174],
[6291, 6702, 9137, 11069],
[1936, 2048, 2703, 2745, 3246, 3760, 3765, 4236, 4731, 4758, 4837, 5886, 6151, 6620, 7297, 8104, 8219, 8229, 8527, 8674, 9221, 9434, 10315, 10808, 11067, 11211],
[3555, 8656, 8683, 9510, 10033],
[3858, 3967, 4991, 7622, 8075, 8381, 8619, 10451, 10633],
[5774, 6229, 7298, 9557, 10630, 10785],
[3215, 3223, 9387, 10135, 10877],
[1961, 2080, 7107, 8147, 8420, 10939],
[1968, 2359, 2960, 3272, 4247, 4541, 4649, 5761, 5989, 6461, 6598, 7191, 7605, 7690, 7770, 8772, 9831, 10031, 10086, 10162, 10187, 10188, 10460, 10686, 10791, 10795, 10809, 10949, 11090],
[3183, 3675, 6467, 7109, 8549, 10875, 10883],
[2725, 5897, 8007, 11241],
[1301, 2327, 2711, 5602, 6613, 7090, 8740, 9139, 9140, 9611, 10533],
[5502, 7558, 8362, 8530],
[976, 1083, 4395, 4554, 5757, 10804],
[3185, 3681, 4585, 4641, 4990, 5063, 5865, 6609, 8105, 8667, 9245, 9251, 9448, 9491, 10326, 10695],
[1186, 3214, 3977, 4540, 5752, 5864, 5891, 7242, 7584, 8359, 8746, 9243],
[714, 1578, 3267, 3766, 3775, 5402, 5408, 5894, 6232, 6602, 6614, 6615, 6710, 7265, 7779, 8108, 8240, 8354, 8514, 8552, 8757, 9136, 9248, 9513, 9554, 10050, 10161, 10177, 10240, 10489, 10641, 10765, 10767, 10793, 10972],
[6465, 6607, 7292, 8528, 8681, 8742, 9388, 9525, 9812, 10775, 10874],
[3666, 5067, 7521, 8351, 8360, 10672],
[4397, 4730, 10311, 10410, 10754, 10773],
[1111, 2128, 2355, 3062, 3220, 3861, 9498, 10434, 10618, 10749, 10855, 10856, 10884],
[3128, 3189, 3657, 4994, 5075, 6011, 6705, 6812, 9247, 9494, 10022, 10176, 10316, 10323, 10337, 10643, 10787],
[469, 2122, 6466, 9179, 10300],
[3181, 8770, 10061, 10166, 11237],
[4226, 5503, 7241, 7293, 8159, 8218, 8233, 8561, 8762, 9188, 9190, 10134, 10857, 10890, 10970, 11247],
[1442, 3186, 4360, 6121, 6839, 7087, 7110, 7134, 8072, 8107, 8260, 8371, 8521, 8614, 8687, 8752, 8758, 9353, 9579, 9590, 10053, 10313, 10329, 10546, 10671, 10880, 10881],
[8090, 8215, 8513, 8774, 10058, 11238],
[1496, 3156, 4405, 4551, 6608, 6848, 7811, 8081, 8311, 8739, 9805, 10010, 10181, 10443, 10937, 11068],
[5070, 6619, 6711, 7781, 8096, 10666],
[5763, 8223, 9565, 10699, 10946],
[3133, 4390, 4399, 8079, 8948, 9146],
[8111, 8241, 9549, 10019, 10054, 10330, 10882],
[4523, 6434, 8733, 10046, 10673],
[1214, 4753, 5637, 5899, 5901, 7098, 8098, 8355, 8383, 8559, 8947, 9497, 10059],
[1498, 2358, 2675, 3011, 3068, 3161, 3182, 3268, 3642, 3883, 4402, 4531, 4550, 4577, 4583, 4742, 4977, 5068, 6286, 6435, 6460, 6617, 6622, 7102, 7193, 7233, 7773, 7775, 8226, 8238, 8370, 8374, 8382, 8515, 8671, 8672, 8777, 9134, 9145, 9176, 9263, 9268, 9383, 9389, 9526, 9570, 9571, 9824, 10014, 10023, 10051, 10133, 10174, 10182, 10183, 10288, 10327, 10331, 10334, 10442, 10539, 10665, 10756, 10761, 10768, 10781, 10786, 10794, 10933, 10934, 10952, 10953],
[3862, 4400, 4979, 5066, 5900, 6436, 6591, 7208, 7240, 8234, 9244, 9258, 9260, 10173, 10184, 10186, 10774, 11236],
[8753, 9197, 9524, 9532, 9561, 9578, 10669, 10685, 10945, 10984],
[1998, 5770, 6554, 9580, 10026, 10869],
[0, 2731, 3127, 3679, 6430, 6447, 6464, 6616, 6618, 6621, 7099, 8086, 8225, 8522, 8612, 8738, 9189, 9254, 10013, 10043, 10141, 10172, 10682, 10802, 10810, 10876],
[2657, 2850, 3777, 4639, 5504, 5762, 6606, 6707, 6715, 8082, 8224, 8485, 8779, 9496, 9530, 9566, 10038, 10060, 10147, 10160, 10168, 10635, 10642, 10797, 10954],
[2442, 4406, 7782, 8106, 8749, 10030, 10941, 10948],
[9352, 9522, 10018, 10294, 10696, 10796, 10923],
]
